# ./RandDemo6 N=200 seed=1234321
Location0	0.866947	0.982331	2	3	2.66667
Location0	0.647701	0.783893	2	4	2
Location0	0.937246	0.93384	3	6	2
Location0	0.996949	0.909986	3	7	1.71429
Location0	0.531809	0.848665	4	9	1.77778
Location0	0.876832	0.843601	9	15	2.4
Location0	0.650742	0.956332	9	16	2.25
Location0	0.627924	0.944006	13	21	2.47619
Location0	0.853992	0.530523	14	23	2.43478
Location0	0.576109	0.92325	27	37	2.91892
Location0	0.815902	0.83296	29	40	2.9
Location0	0.99568	0.530395	30	42	2.85714
Location0	0.819236	0.706962	35	48	2.91667
Location0	0.687933	0.948462	39	53	2.9434
Location0	0.570435	0.898792	40	55	2.90909
Location0	0.974666	0.950728	40	56	2.85714
Location0	0.481123	0.98614	41	58	2.82759
Location0	0.924568	0.73067	44	62	2.83871
Location0	0.917851	0.972556	49	68	2.88235
Location0	0.826498	0.656909	62	82	3.02439
Location0	0.767419	0.744349	62	83	2.98795
Location0	0.745089	0.743728	63	85	2.96471
Location0	0.832656	0.893437	64	87	2.94253
Location0	0.718679	0.89193	64	88	2.90909
Location0	0.902812	0.793484	66	91	2.9011
Location0	0.422733	0.921723	67	93	2.88172
Location0	0.77407	0.986656	68	95	2.86316
Location0	0.92807	0.432731	71	99	2.86869
Location0	0.815338	0.989848	76	105	2.89524
Location0	0.783332	0.728777	77	107	2.8785
Location0	0.992497	0.481746	87	118	2.94915
Location0	0.498268	0.893541	87	119	2.92437
Location0	0.90617	0.750898	93	126	2.95238
Location0	0.853205	0.634091	99	133	2.97744
Location0	0.757631	0.950525	104	139	2.99281
Location0	0.835378	0.662232	108	144	3
Location0	0.320444	0.963203	109	146	2.9863
Location0	0.474148	0.962039	109	147	2.96599
Location0	0.534783	0.873297	113	152	2.97368
Location0	0.819374	0.798369	114	154	2.96104
Location0	0.96852	0.388211	115	156	2.94872
Location0	0.580897	0.88957	115	157	2.92994
Location0	0.857141	0.839359	119	162	2.93827
Location0	0.914406	0.99707	127	171	2.97076
Location0	0.88664	0.602097	128	173	2.95954
Location0	0.884557	0.941213	129	175	2.94857
Location0	0.203201	0.986832	139	186	2.98925
Location0	0.960312	0.369277	141	189	2.98413
Location0	0.577524	0.84487	141	190	2.96842
Location0	0.831799	0.737524	148	198	2.9899
