Location1	0.691510	0.145216	7852751		10000000	3.141100
Location1	0.736177	0.607312	15705749		20000000	3.141150
Location1	0.147535	0.875359	31412253		40000000	3.141225
Location1	0.719271	0.050348	39265429		50000000	3.141234
Location1	0.317439	0.334555	47119158		60000000	3.141277
Location1	0.513665	0.550063	54973048		70000000	3.141317
Location1	0.849786	0.186498	62829058		80000000	3.141453
Location1	0.749804	0.105383	70682380		90000000	3.141439
Location1	0.603000	0.556415	78534159		100000000	3.141366
Location1	0.569377	0.598637	86388508		110000000	3.141400
Location1	0.382311	0.730479	102096832		130000000	3.141441
Location1	0.358565	0.592907	117800869		150000000	3.141357
Location1	0.097787	0.580090	125655411		160000000	3.141385
Location1	0.311275	0.527537	133509475		170000000	3.141399
Location1	0.108226	0.060896	141364202		180000000	3.141427
Location1	0.248225	0.260416	149217795		190000000	3.141427
Location1	0.887668	0.112753	157071784		200000000	3.141436
Location1	0.028901	0.782124	164926436		210000000	3.141456
Location1	0.097608	0.107261	172781557		220000000	3.141483
Location1	0.479216	0.400908	188490095		240000000	3.141502
Location1	0.156594	0.963411	204194815		260000000	3.141459
Location1	0.043397	0.266294	212051145		270000000	3.141498
Location1	0.364492	0.444857	219906211		280000000	3.141517
Location1	0.752939	0.128856	227758331		290000000	3.141494
Location1	0.565713	0.439553	259171981		330000000	3.141479
Location1	0.195190	0.482579	274876992		350000000	3.141451
Location1	0.658750	0.290177	282732588		360000000	3.141473
Location1	0.765706	0.476705	290588567		370000000	3.141498
Location1	0.382723	0.884004	298442381		380000000	3.141499
Location1	0.051969	0.218667	306299319		390000000	3.141531
Location1	0.687670	0.485517	314153976		400000000	3.141540
Location1	0.178456	0.937640	322008981		410000000	3.141551
Location1	0.283882	0.620269	329862668		420000000	3.141549
Location1	0.234893	0.136341	337716453		430000000	3.141548
Location1	0.939390	0.297903	345573114		440000000	3.141574
Location1	0.463135	0.871446	361282728		460000000	3.141589
Location1	0.536989	0.434368	369135758		470000000	3.141581
Location1	0.063477	0.552219	376990836		480000000	3.141590
Location1	0.545809	0.592032	384844796		490000000	3.141590
Location1	0.148911	0.608772	392698388		500000000	3.141587
Location1	0.715900	0.467236	400551513		510000000	3.141580
Location1	0.572710	0.667650	408404703		520000000	3.141575
Location1	0.459617	0.825837	416258776		530000000	3.141576
Location1	0.409828	0.621463	424111738		540000000	3.141568
Location1	0.260902	0.081393	431964831		550000000	3.141562
Location1	0.732112	0.511089	447672957		570000000	3.141565
Location1	0.640113	0.544809	455527680		580000000	3.141570
Location1	0.070093	0.237492	463383055		590000000	3.141580
Location1	0.433760	0.385466	471237133		600000000	3.141581
Location1	0.140533	0.521178	479089361		610000000	3.141570
Location1	0.661688	0.702825	486945286		620000000	3.141582
Location1	0.102333	0.586374	494801521		630000000	3.141597
Location1	0.151607	0.037505	510508713		650000000	3.141592
Location1	0.983187	0.085176	518360937		660000000	3.141581
Location1	0.066065	0.397868	526214357		670000000	3.141578
Location1	0.521964	0.677158	534067033		680000000	3.141571
Location1	0.023061	0.014430	541920092		690000000	3.141566
Location1	0.415829	0.269949	557628531		710000000	3.141569
Location1	0.178123	0.569698	565483005		720000000	3.141572
Location1	0.516985	0.547493	581188043		740000000	3.141557
Location1	0.213552	0.219489	589042626		750000000	3.141561
Location1	0.658671	0.095774	596897412		760000000	3.141565
Location1	0.897645	0.316212	604747158		770000000	3.141544
Location1	0.360297	0.301138	620454435		790000000	3.141541
Location1	0.603220	0.375387	644017577		820000000	3.141549
Location1	0.672744	0.328897	651871959		830000000	3.141552
Location1	0.767920	0.144280	659728185		840000000	3.141563
Location1	0.513475	0.065908	675435038		860000000	3.141558
Location1	0.248066	0.271980	683288655		870000000	3.141557
Location1	0.117850	0.391835	691143012		880000000	3.141559
Location1	0.127360	0.048948	698996981		890000000	3.141559
Location1	0.443835	0.431951	706851744		900000000	3.141563
Location1	0.334431	0.473308	714706497		910000000	3.141567
Location1	0.830504	0.447918	730417018		930000000	3.141579
Location1	0.530556	0.193244	746128239		950000000	3.141593
Location1	0.211597	0.232783	753981526		960000000	3.141590
Location1	0.827767	0.430322	769690782		980000000	3.141595
Location1	0.357269	0.512223	777544627		990000000	3.141594
Location1	0.639224	0.041757	785399442		1000000000	3.141598
