# ./RandDemo6 N=100000 seed=2038966785
Location0	0.735284	0.86164	796	1000	3.184
Location1	0.231285	0.592125	1586	2000	3.172
Location1	0.581759	0.278835	2368	3000	3.15733
Location1	0.253309	0.905261	3159	4000	3.159
Location1	0.330705	0.407046	3958	5000	3.1664
Location1	0.0181731	0.166713	4762	6000	3.17467
Location0	0.604857	0.965726	5545	7000	3.16857
Location1	0.781608	0.199229	6322	8000	3.161
Location0	0.253026	0.980824	7110	9000	3.16
Location1	0.335266	0.845071	7886	10000	3.1544
Location1	0.953235	0.228184	8674	11000	3.15418
Location1	0.166552	0.903627	9443	12000	3.14767
Location1	0.312425	0.654301	10243	13000	3.15169
Location1	0.914724	0.0631723	11008	14000	3.14514
Location0	0.780096	0.680186	11785	15000	3.14267
Location1	0.246915	0.888528	12576	16000	3.144
Location1	0.904121	0.218998	13367	17000	3.14518
Location1	0.360005	0.691131	14150	18000	3.14444
Location1	0.944526	0.172072	14934	19000	3.144
Location1	0.915496	0.251154	15742	20000	3.1484
Location1	0.52089	0.807546	16525	21000	3.14762
Location1	0.880085	0.0105004	17322	22000	3.14945
Location0	0.444587	0.997155	18100	23000	3.14783
Location1	0.295029	0.392523	18866	24000	3.14433
Location1	0.377548	0.547309	19673	25000	3.14768
Location1	0.755294	0.624825	20466	26000	3.14862
Location1	2.35587e-05	0.579504	21236	27000	3.14607
Location1	0.525761	0.465351	22045	28000	3.14929
Location1	0.0533858	0.784468	22839	29000	3.15021
Location1	0.610295	0.152477	23635	30000	3.15133
Location1	0.743917	0.467063	24428	31000	3.152
Location1	0.611322	0.00117287	25186	32000	3.14825
Location1	0.400484	0.704145	25980	33000	3.14909
Location0	0.920523	0.555287	26757	34000	3.14788
Location1	0.374875	0.00395324	27543	35000	3.14777
Location1	0.463459	0.673538	28324	36000	3.14711
Location1	0.274194	0.732347	29136	37000	3.14984
Location1	0.362413	0.866455	29927	38000	3.15021
Location0	0.962573	0.307399	30735	39000	3.15231
Location1	0.051291	0.856194	31502	40000	3.1502
Location0	0.798098	0.97198	32296	41000	3.15083
Location0	0.762241	0.647585	33082	42000	3.15067
Location1	0.186745	0.534687	33874	43000	3.15107
Location1	0.403596	0.53097	34662	44000	3.15109
Location1	0.954659	0.128234	35444	45000	3.15058
Location1	0.452067	0.745832	36226	46000	3.15009
Location1	0.346143	0.0854237	37013	47000	3.15004
Location1	0.75402	0.116279	37803	48000	3.15025
Location0	0.334901	0.974845	38600	49000	3.15102
Location1	0.429483	0.801685	39411	50000	3.15288
Location1	0.913742	0.229068	40184	51000	3.15169
Location1	0.198668	0.554687	40957	52000	3.15054
Location1	0.0627056	0.50901	41758	53000	3.15155
Location1	0.0705736	0.954922	42549	54000	3.15178
Location1	0.0371022	0.0320759	43366	55000	3.15389
Location1	0.421409	0.584064	44166	56000	3.15471
Location0	0.34279	0.977759	44934	57000	3.15326
Location1	0.702401	0.111903	45715	58000	3.15276
Location1	0.683195	0.103568	46496	59000	3.15227
Location1	0.421502	0.437481	47288	60000	3.15253
Location0	0.954753	0.366214	48065	61000	3.1518
Location1	0.47062	0.295707	48853	62000	3.15181
Location1	0.678298	0.16076	49637	63000	3.15156
Location0	0.700808	0.93435	50429	64000	3.15181
Location1	0.662864	0.5829	51203	65000	3.15095
Location1	0.0710791	0.0245671	51974	66000	3.14994
Location1	0.399919	0.670647	52770	67000	3.15045
Location0	0.789154	0.675771	53542	68000	3.14953
Location1	0.421796	0.0275641	54325	69000	3.14928
Location1	0.196629	0.589169	55125	70000	3.15
Location1	0.236923	0.755514	55904	71000	3.14952
Location0	0.40745	0.930318	56709	72000	3.1505
Location0	0.991523	0.83346	57491	73000	3.15019
Location1	0.135593	0.17981	58268	74000	3.14962
Location1	0.672276	0.736462	59046	75000	3.14912
Location0	0.602368	0.947233	59849	76000	3.14995
Location1	0.602417	0.760407	60653	77000	3.15081
Location1	0.399136	0.224952	61422	78000	3.14985
Location1	0.739939	0.547987	62200	79000	3.14937
Location1	0.303745	0.428721	62983	80000	3.14915
Location1	0.331438	0.785637	63763	81000	3.14879
Location1	0.0278272	0.863603	64551	82000	3.14883
Location1	0.00324089	0.477842	65345	83000	3.14916
Location0	0.773437	0.972468	66137	84000	3.14938
Location1	0.373179	0.485449	66926	85000	3.14946
Location1	0.883736	0.174177	67703	86000	3.14898
Location0	0.890043	0.775521	68475	87000	3.14828
Location1	0.191461	0.272428	69261	88000	3.14823
Location0	0.911173	0.601497	70041	89000	3.14791
Location1	0.380721	0.20051	70831	90000	3.14804
Location1	0.145665	0.226857	71605	91000	3.14747
Location1	0.547509	0.0823101	72393	92000	3.14752
Location0	0.866557	0.782289	73199	93000	3.14834
Location0	0.645156	0.795934	73954	94000	3.14698
Location1	0.306761	0.58444	74742	95000	3.14703
Location1	0.851892	0.0206431	75509	96000	3.14621
Location1	0.835802	0.231705	76279	97000	3.14553
Location0	0.955264	0.604806	77058	98000	3.14522
Location1	0.721262	0.604851	77833	99000	3.14477
Location0	0.979757	0.968356	78632	100000	3.14528
