# ./RandDemo6 N=100000000 seed=123
Location0	0.962020	0.964754	785272	1000000	3.141088
Location1	0.297998	0.235597	1571026	2000000	3.142052
Location1	0.234283	0.836874	2356765	3000000	3.142353
Location1	0.466488	0.283241	3141582	4000000	3.141582
Location0	0.965204	0.285011	3926342	5000000	3.141074
Location1	0.217661	0.187283	4711132	6000000	3.140755
Location1	0.525316	0.016457	5496884	7000000	3.141077
Location0	0.915685	0.643516	6282484	8000000	3.141242
Location1	0.696722	0.543589	7067946	9000000	3.141309
Location1	0.691510	0.145216	7852751	10000000	3.141100
Location1	0.607188	0.716214	8638350	11000000	3.141218
Location0	0.707156	0.978779	9423578	12000000	3.141193
Location1	0.129474	0.223608	10209138	13000000	3.141273
Location1	0.467946	0.245549	10994419	14000000	3.141263
Location0	0.960855	0.526869	11779447	15000000	3.141186
Location1	0.585633	0.800293	12564884	16000000	3.141221
Location1	0.333666	0.448886	13349902	17000000	3.141153
Location1	0.532315	0.571595	14135529	18000000	3.141229
Location1	0.521552	0.632356	14920501	19000000	3.141158
Location1	0.736177	0.607312	15705749	20000000	3.141150
Location0	0.511429	0.967885	16490957	21000000	3.141135
Location0	0.495927	0.904999	17275645	22000000	3.141026
Location1	0.387438	0.188378	18060708	23000000	3.140993
Location0	0.751660	0.968325	18845228	24000000	3.140871
Location0	0.336440	0.957895	19631068	25000000	3.140971
Location1	0.255790	0.732144	20416550	26000000	3.141008
Location1	0.346177	0.624250	21202325	27000000	3.141085
Location0	0.722374	0.912594	21987630	28000000	3.141090
Location0	0.995476	0.304700	22772820	29000000	3.141079
Location0	0.907923	0.970777	23558004	30000000	3.141067
Location1	0.436651	0.286241	24343574	31000000	3.141106
Location1	0.419091	0.189423	25129091	32000000	3.141136
Location1	0.132445	0.027129	25914492	33000000	3.141151
Location1	0.082658	0.384677	26699500	34000000	3.141118
Location1	0.848350	0.186952	27485265	35000000	3.141173
Location0	0.670251	0.928552	28270314	36000000	3.141146
Location1	0.924499	0.140950	29056574	37000000	3.141251
Location1	0.749015	0.215055	29841654	38000000	3.141227
Location1	0.305181	0.592324	30626943	39000000	3.141225
Location1	0.147535	0.875359	31412253	40000000	3.141225
Location0	0.846718	0.579857	32197277	41000000	3.141198
Location1	0.917218	0.331527	32982667	42000000	3.141206
Location1	0.576091	0.735367	33767944	43000000	3.141204
Location0	0.967780	0.934332	34553679	44000000	3.141244
Location1	0.599958	0.385404	35339486	45000000	3.141288
Location1	0.337387	0.447008	36124706	46000000	3.141279
Location1	0.415127	0.633859	36910123	47000000	3.141287
Location1	0.343495	0.629565	37694929	48000000	3.141244
Location1	0.497452	0.518864	38479843	49000000	3.141212
Location1	0.719271	0.050348	39265429	50000000	3.141234
Location0	0.627129	0.821596	40050947	51000000	3.141251
Location0	0.701056	0.753546	40836333	52000000	3.141256
Location1	0.819138	0.183944	41621623	53000000	3.141255
Location1	0.020235	0.885564	42407021	54000000	3.141261
Location1	0.484529	0.760447	43192230	55000000	3.141253
Location1	0.326480	0.680516	43977497	56000000	3.141250
Location0	0.857457	0.943289	44763079	57000000	3.141269
Location0	0.868155	0.800773	45548754	58000000	3.141293
Location1	0.519681	0.507206	46333702	59000000	3.141268
Location1	0.317439	0.334555	47119158	60000000	3.141277
Location0	0.900525	0.471256	47905278	61000000	3.141330
Location0	0.935001	0.454804	48691465	62000000	3.141385
Location1	0.677603	0.550919	49475951	63000000	3.141330
Location1	0.233091	0.408282	50261204	64000000	3.141325
Location1	0.307397	0.508399	51046184	65000000	3.141304
Location1	0.678276	0.514156	51831757	66000000	3.141319
Location1	0.019675	0.906249	52617357	67000000	3.141335
Location1	0.002560	0.148412	53402314	68000000	3.141313
Location1	0.764594	0.392868	54187733	69000000	3.141318
Location1	0.513665	0.550063	54973048	70000000	3.141317
Location0	0.915776	0.531282	55758412	71000000	3.141319
Location1	0.353377	0.636307	56544202	72000000	3.141345
Location1	0.111133	0.817306	57329702	73000000	3.141354
Location1	0.230242	0.570813	58115001	74000000	3.141351
Location1	0.504815	0.267535	58900948	75000000	3.141384
Location1	0.589082	0.553786	59686620	76000000	3.141401
Location1	0.490189	0.195650	60472225	77000000	3.141414
Location0	0.993380	0.280935	61258460	78000000	3.141459
Location0	0.631409	0.959984	62043620	79000000	3.141449
Location1	0.849786	0.186498	62829058	80000000	3.141453
Location1	0.295225	0.843764	63614428	81000000	3.141453
Location1	0.674019	0.141213	64399815	82000000	3.141454
Location1	0.524753	0.846801	65186219	83000000	3.141505
Location0	0.317112	0.972296	65971364	84000000	3.141494
Location1	0.089416	0.385037	66757386	85000000	3.141524
Location1	0.740401	0.308139	67542157	86000000	3.141496
Location1	0.789742	0.535852	68327572	87000000	3.141498
Location1	0.096114	0.264907	69112284	88000000	3.141467
Location1	0.951925	0.051350	69897215	89000000	3.141448
Location1	0.749804	0.105383	70682380	90000000	3.141439
Location1	0.605083	0.682625	71468127	91000000	3.141456
Location1	0.119858	0.964631	72252683	92000000	3.141421
Location0	0.494649	0.884169	73037905	93000000	3.141415
Location1	0.302494	0.056866	73822518	94000000	3.141384
Location1	0.345801	0.785910	74607962	95000000	3.141388
Location1	0.272069	0.581148	75393271	96000000	3.141386
Location1	0.230371	0.652676	76178532	97000000	3.141383
Location1	0.063651	0.577937	76964249	98000000	3.141398
Location0	0.855272	0.928270	77749390	99000000	3.141389
Location1	0.603000	0.556415	78534159	100000000	3.141366
