# ./RandDemo6 N=100000 seed=125452
Location1	0.210194	0.700934	794	1000	3.176
Location1	0.0506206	0.489355	1559	2000	3.118
Location1	0.150631	0.150655	2332	3000	3.10933
Location1	0.388736	0.526739	3123	4000	3.123
Location1	0.110647	0.973193	3898	5000	3.1184
Location1	0.91293	0.225283	4680	6000	3.12
Location1	0.481788	0.470572	5462	7000	3.12114
Location1	0.849411	0.0747193	6240	8000	3.12
Location1	0.520951	0.49884	7011	9000	3.116
Location1	0.580678	0.29202	7775	10000	3.11
Location1	0.0955338	0.594528	8573	11000	3.11745
Location1	0.708485	0.463284	9389	12000	3.12967
Location0	0.11243	0.995538	10164	13000	3.12738
Location1	0.148661	0.211858	10956	14000	3.13029
Location1	0.535019	0.598291	11731	15000	3.12827
Location1	0.302098	0.637442	12532	16000	3.133
Location1	0.779042	0.0295786	13312	17000	3.13224
Location0	0.365719	0.934934	14098	18000	3.13289
Location1	0.420303	0.591258	14893	19000	3.13537
Location1	0.392779	0.381965	15669	20000	3.1338
Location0	0.734923	0.706589	16417	21000	3.12705
Location0	0.710254	0.991375	17202	22000	3.12764
Location0	0.800317	0.906729	17999	23000	3.13026
Location1	0.567338	0.677717	18785	24000	3.13083
Location1	0.00635387	0.271443	19586	25000	3.13376
Location1	0.667873	0.124335	20357	26000	3.13185
Location1	0.386615	0.361623	21127	27000	3.12993
Location1	0.410552	0.403086	21905	28000	3.12929
Location1	0.210053	0.152448	22674	29000	3.12745
Location1	0.152868	0.734706	23468	30000	3.12907
Location0	0.676611	0.780049	24243	31000	3.12813
Location1	0.302854	0.395175	25027	32000	3.12838
Location0	0.662727	0.864446	25815	33000	3.12909
Location1	0.0368545	0.409471	26607	34000	3.13024
Location0	0.953337	0.415146	27359	35000	3.12674
Location1	0.645186	0.253527	28155	36000	3.12833
Location1	0.790901	0.124442	28960	37000	3.13081
Location1	0.548872	0.35	29748	38000	3.13137
Location1	0.806367	0.0872136	30527	39000	3.13097
Location0	0.520355	0.97131	31310	40000	3.131
Location1	0.61398	0.266994	32086	41000	3.13034
Location1	0.730781	0.267773	32873	42000	3.13076
Location1	0.198787	0.202587	33645	43000	3.12977
Location1	0.542929	0.0333	34437	44000	3.13064
Location1	0.647284	0.0403576	35202	45000	3.12907
Location1	0.492532	0.12041	35991	46000	3.12965
Location1	0.613986	0.617295	36797	47000	3.13166
Location0	0.974039	0.264644	37550	48000	3.12917
Location1	0.357164	0.286176	38329	49000	3.1289
Location1	0.419948	0.66583	39126	50000	3.13008
Location1	0.0729558	0.50773	39923	51000	3.13122
Location0	0.714209	0.852347	40720	52000	3.13231
Location1	0.251082	0.215931	41510	53000	3.13283
Location0	0.916378	0.642608	42286	54000	3.1323
Location1	0.275645	0.745732	43076	55000	3.1328
Location0	0.960528	0.619805	43871	56000	3.13364
Location1	0.424553	0.651565	44654	57000	3.13361
Location1	0.683922	0.458865	45441	58000	3.13386
Location1	0.669526	0.540727	46228	59000	3.1341
Location1	0.136289	0.322113	47012	60000	3.13413
Location1	0.587299	0.226541	47806	61000	3.13482
Location1	0.125197	0.150542	48588	62000	3.13471
Location1	0.16932	0.858542	49378	63000	3.13511
Location1	0.142516	0.799565	50184	64000	3.1365
Location1	0.252027	0.127727	50982	65000	3.13735
Location1	0.0441571	0.0957496	51774	66000	3.13782
Location0	0.780827	0.797448	52585	67000	3.1394
Location0	0.432632	0.904038	53396	68000	3.14094
Location1	0.585536	0.505717	54179	69000	3.14081
Location1	0.0704831	0.527645	54970	70000	3.14114
Location1	0.777227	0.127596	55763	71000	3.14158
Location1	0.324619	0.23587	56544	72000	3.14133
Location1	0.103724	0.605428	57316	73000	3.1406
Location0	0.333329	0.964089	58077	74000	3.1393
Location1	0.0197399	0.646658	58859	75000	3.13915
Location1	0.411682	0.659087	59637	76000	3.13879
Location1	0.0156614	0.280777	60412	77000	3.13829
Location0	0.932495	0.979085	61215	78000	3.13923
Location1	0.535836	0.292813	62007	79000	3.13959
Location0	0.764572	0.795537	62818	80000	3.1409
Location0	0.971871	0.337799	63621	81000	3.14178
Location1	0.0437379	0.256251	64416	82000	3.14224
Location1	0.0598984	0.430045	65181	83000	3.14125
Location0	0.541529	0.963666	65970	84000	3.14143
Location1	0.875881	0.107214	66754	85000	3.14136
Location1	0.457449	0.825576	67533	86000	3.14107
Location0	0.608411	0.887419	68314	87000	3.14087
Location1	0.623612	0.712854	69092	88000	3.14055
Location1	0.0379113	0.66982	69870	89000	3.14022
Location1	0.580221	0.0994749	70667	90000	3.14076
Location0	0.781944	0.788716	71438	91000	3.14013
Location1	0.482682	0.454886	72230	92000	3.14043
Location1	0.639889	0.0742663	73032	93000	3.14116
Location0	0.869498	0.878801	73810	94000	3.14085
Location1	0.330842	0.883482	74588	95000	3.14055
Location1	0.0243918	0.57036	75351	96000	3.13963
Location1	0.237979	0.59213	76146	97000	3.14004
Location1	0.746012	0.441848	76919	98000	3.13955
Location1	0.497025	0.730754	77696	99000	3.13923
Location0	0.741307	0.821563	78486	100000	3.13944
